(kicad_pcb (version 20171130) (host pcbnew "(5.1.2)-2")

  (general
    (thickness 1.6)
    (drawings 1)
    (tracks 382)
    (zones 0)
    (modules 41)
    (nets 57)
  )

  (page A4)
  (layers
    (0 F.Cu signal)
    (31 B.Cu signal)
    (32 B.Adhes user)
    (33 F.Adhes user)
    (34 B.Paste user)
    (35 F.Paste user)
    (36 B.SilkS user)
    (37 F.SilkS user)
    (38 B.Mask user)
    (39 F.Mask user)
    (40 Dwgs.User user)
    (41 Cmts.User user)
    (42 Eco1.User user)
    (43 Eco2.User user)
    (44 Edge.Cuts user)
    (45 Margin user)
    (46 B.CrtYd user)
    (47 F.CrtYd user)
    (48 B.Fab user)
    (49 F.Fab user)
  )

  (setup
    (last_trace_width 0.25)
    (user_trace_width 0.9)
    (user_trace_width 1)
    (trace_clearance 0.2)
    (zone_clearance 0.508)
    (zone_45_only no)
    (trace_min 0.2)
    (via_size 0.8)
    (via_drill 0.4)
    (via_min_size 0.4)
    (via_min_drill 0.3)
    (uvia_size 0.3)
    (uvia_drill 0.1)
    (uvias_allowed no)
    (uvia_min_size 0.2)
    (uvia_min_drill 0.1)
    (edge_width 0.05)
    (segment_width 0.2)
    (pcb_text_width 0.3)
    (pcb_text_size 1.5 1.5)
    (mod_edge_width 0.12)
    (mod_text_size 1 1)
    (mod_text_width 0.15)
    (pad_size 0.8 2)
    (pad_drill 0.7)
    (pad_to_mask_clearance 0.051)
    (solder_mask_min_width 0.25)
    (aux_axis_origin 0 0)
    (visible_elements 7FFFFFFF)
    (pcbplotparams
      (layerselection 0x011fc_ffffffff)
      (usegerberextensions false)
      (usegerberattributes false)
      (usegerberadvancedattributes false)
      (creategerberjobfile false)
      (excludeedgelayer true)
      (linewidth 0.100000)
      (plotframeref false)
      (viasonmask false)
      (mode 1)
      (useauxorigin false)
      (hpglpennumber 1)
      (hpglpenspeed 20)
      (hpglpendiameter 15.000000)
      (psnegative false)
      (psa4output false)
      (plotreference true)
      (plotvalue true)
      (plotinvisibletext false)
      (padsonsilk false)
      (subtractmaskfromsilk false)
      (outputformat 3)
      (mirror false)
      (drillshape 0)
      (scaleselection 1)
      (outputdirectory ""))
  )

  (net 0 "")
  (net 1 "Net-(A1-Pad16)")
  (net 2 "Net-(A1-Pad15)")
  (net 3 "Net-(A1-Pad30)")
  (net 4 /SCL)
  (net 5 /GND)
  (net 6 /SDA)
  (net 7 /DOT)
  (net 8 /G)
  (net 9 /TX)
  (net 10 /F)
  (net 11 /RX)
  (net 12 /TEMP)
  (net 13 /E)
  (net 14 /TONE)
  (net 15 /D)
  (net 16 "Net-(A1-Pad8)")
  (net 17 /C)
  (net 18 "Net-(A1-Pad7)")
  (net 19 /B)
  (net 20 /A)
  (net 21 /V5)
  (net 22 /T4)
  (net 23 /V3P3)
  (net 24 /T3)
  (net 25 "Net-(A1-Pad3)")
  (net 26 /T2)
  (net 27 "Net-(A1-Pad2)")
  (net 28 /T1)
  (net 29 "Net-(A1-Pad1)")
  (net 30 "Net-(A1-Pad31)")
  (net 31 "Net-(A1-Pad32)")
  (net 32 L1)
  (net 33 /G4)
  (net 34 /F4)
  (net 35 /E4)
  (net 36 /D4)
  (net 37 /C4)
  (net 38 /B4)
  (net 39 /A4)
  (net 40 L2)
  (net 41 L3)
  (net 42 L4)
  (net 43 "Net-(J1-Pad2)")
  (net 44 "Net-(J1-Pad1)")
  (net 45 Vpower)
  (net 46 "Net-(Q1-Pad3)")
  (net 47 "Net-(Q2-Pad3)")
  (net 48 "Net-(Q3-Pad3)")
  (net 49 "Net-(Q4-Pad3)")
  (net 50 "Net-(Q5-Pad3)")
  (net 51 "Net-(Q6-Pad3)")
  (net 52 "Net-(Q7-Pad3)")
  (net 53 "Net-(Q8-Pad3)")
  (net 54 "Net-(Q9-Pad3)")
  (net 55 "Net-(Q10-Pad3)")
  (net 56 "Net-(Q11-Pad3)")

  (net_class Default "This is the default net class."
    (clearance 0.2)
    (trace_width 0.25)
    (via_dia 0.8)
    (via_drill 0.4)
    (uvia_dia 0.3)
    (uvia_drill 0.1)
    (add_net /A)
    (add_net /A4)
    (add_net /B)
    (add_net /B4)
    (add_net /C)
    (add_net /C4)
    (add_net /D)
    (add_net /D4)
    (add_net /DOT)
    (add_net /E)
    (add_net /E4)
    (add_net /F)
    (add_net /F4)
    (add_net /G)
    (add_net /G4)
    (add_net /GND)
    (add_net /RX)
    (add_net /SCL)
    (add_net /SDA)
    (add_net /T1)
    (add_net /T2)
    (add_net /T3)
    (add_net /T4)
    (add_net /TEMP)
    (add_net /TONE)
    (add_net /TX)
    (add_net /V3P3)
    (add_net /V5)
    (add_net L1)
    (add_net L2)
    (add_net L3)
    (add_net L4)
    (add_net "Net-(A1-Pad1)")
    (add_net "Net-(A1-Pad15)")
    (add_net "Net-(A1-Pad16)")
    (add_net "Net-(A1-Pad2)")
    (add_net "Net-(A1-Pad3)")
    (add_net "Net-(A1-Pad30)")
    (add_net "Net-(A1-Pad31)")
    (add_net "Net-(A1-Pad32)")
    (add_net "Net-(A1-Pad7)")
    (add_net "Net-(A1-Pad8)")
    (add_net "Net-(J1-Pad1)")
    (add_net "Net-(J1-Pad2)")
    (add_net "Net-(Q1-Pad3)")
    (add_net "Net-(Q10-Pad3)")
    (add_net "Net-(Q11-Pad3)")
    (add_net "Net-(Q2-Pad3)")
    (add_net "Net-(Q3-Pad3)")
    (add_net "Net-(Q4-Pad3)")
    (add_net "Net-(Q5-Pad3)")
    (add_net "Net-(Q6-Pad3)")
    (add_net "Net-(Q7-Pad3)")
    (add_net "Net-(Q8-Pad3)")
    (add_net "Net-(Q9-Pad3)")
    (add_net Vpower)
  )

  (module TO_SOT_Packages_THT:TO-46-3 (layer F.Cu) (tedit 5D639881) (tstamp 5D638468)
    (at 109.728 130.81 90)
    (descr TO-46-3)
    (tags TO-46-3)
    (path /5D636760)
    (fp_text reference Q5 (at 1.27 -4.02 90) (layer F.SilkS)
      (effects (font (size 1 1) (thickness 0.15)))
    )
    (fp_text value 2SC1815 (at 1.27 4.02 90) (layer F.Fab)
      (effects (font (size 1 1) (thickness 0.15)))
    )
    (fp_text user %R (at 1.27 -4.02 90) (layer F.Fab)
      (effects (font (size 1 1) (thickness 0.15)))
    )
    (fp_line (start -0.329057 -2.419301) (end -1.156372 -3.246616) (layer F.Fab) (width 0.1))
    (fp_line (start -1.156372 -3.246616) (end -1.976616 -2.426372) (layer F.Fab) (width 0.1))
    (fp_line (start -1.976616 -2.426372) (end -1.149301 -1.599057) (layer F.Fab) (width 0.1))
    (fp_line (start -0.312331 -2.572281) (end -1.224499 -3.484448) (layer F.SilkS) (width 0.12))
    (fp_line (start -1.224499 -3.484448) (end -2.214448 -2.494499) (layer F.SilkS) (width 0.12))
    (fp_line (start -2.214448 -2.494499) (end -1.302281 -1.582331) (layer F.SilkS) (width 0.12))
    (fp_line (start -2.23 -3.5) (end -2.23 3.15) (layer F.CrtYd) (width 0.05))
    (fp_line (start -2.23 3.15) (end 4.42 3.15) (layer F.CrtYd) (width 0.05))
    (fp_line (start 4.42 3.15) (end 4.42 -3.5) (layer F.CrtYd) (width 0.05))
    (fp_line (start 4.42 -3.5) (end -2.23 -3.5) (layer F.CrtYd) (width 0.05))
    (fp_circle (center 1.27 0) (end 3.67 0) (layer F.Fab) (width 0.1))
    (fp_arc (start 1.27 0) (end -0.329057 -2.419301) (angle 336.9) (layer F.Fab) (width 0.1))
    (fp_arc (start 1.27 0) (end -0.312331 -2.572281) (angle 333.2) (layer F.SilkS) (width 0.12))
    (pad 1 thru_hole oval (at 0 0 90) (size 0.8 2) (drill 0.7) (layers *.Cu *.Mask)
      (net 39 /A4))
    (pad 2 thru_hole oval (at 1.27 1.27 90) (size 0.8 2) (drill 0.7) (layers *.Cu *.Mask)
      (net 45 Vpower))
    (pad 3 thru_hole oval (at 2.54 0 90) (size 0.8 2) (drill 0.7) (layers *.Cu *.Mask)
      (net 50 "Net-(Q5-Pad3)"))
    (model ${KISYS3DMOD}/TO_SOT_Packages_THT.3dshapes/TO-46-3.wrl
      (at (xyz 0 0 0))
      (scale (xyz 0.393701 0.393701 0.393701))
      (rotate (xyz 0 0 0))
    )
  )

  (module TO_SOT_Packages_THT:TO-46-3 (layer F.Cu) (tedit 5D63983C) (tstamp 5D638492)
    (at 109.728 116.84 90)
    (descr TO-46-3)
    (tags TO-46-3)
    (path /5D63B0F0)
    (fp_text reference Q7 (at 1.27 -4.02 90) (layer F.SilkS)
      (effects (font (size 1 1) (thickness 0.15)))
    )
    (fp_text value 2SC1815 (at 1.27 4.02 90) (layer F.Fab)
      (effects (font (size 1 1) (thickness 0.15)))
    )
    (fp_arc (start 1.27 0) (end -0.312331 -2.572281) (angle 333.2) (layer F.SilkS) (width 0.12))
    (fp_arc (start 1.27 0) (end -0.329057 -2.419301) (angle 336.9) (layer F.Fab) (width 0.1))
    (fp_circle (center 1.27 0) (end 3.67 0) (layer F.Fab) (width 0.1))
    (fp_line (start 4.42 -3.5) (end -2.23 -3.5) (layer F.CrtYd) (width 0.05))
    (fp_line (start 4.42 3.15) (end 4.42 -3.5) (layer F.CrtYd) (width 0.05))
    (fp_line (start -2.23 3.15) (end 4.42 3.15) (layer F.CrtYd) (width 0.05))
    (fp_line (start -2.23 -3.5) (end -2.23 3.15) (layer F.CrtYd) (width 0.05))
    (fp_line (start -2.214448 -2.494499) (end -1.302281 -1.582331) (layer F.SilkS) (width 0.12))
    (fp_line (start -1.224499 -3.484448) (end -2.214448 -2.494499) (layer F.SilkS) (width 0.12))
    (fp_line (start -0.312331 -2.572281) (end -1.224499 -3.484448) (layer F.SilkS) (width 0.12))
    (fp_line (start -1.976616 -2.426372) (end -1.149301 -1.599057) (layer F.Fab) (width 0.1))
    (fp_line (start -1.156372 -3.246616) (end -1.976616 -2.426372) (layer F.Fab) (width 0.1))
    (fp_line (start -0.329057 -2.419301) (end -1.156372 -3.246616) (layer F.Fab) (width 0.1))
    (fp_text user %R (at 1.27 -4.02 90) (layer F.Fab)
      (effects (font (size 1 1) (thickness 0.15)))
    )
    (pad 3 thru_hole oval (at 2.54 0 90) (size 0.8 2) (drill 0.7) (layers *.Cu *.Mask)
      (net 52 "Net-(Q7-Pad3)"))
    (pad 2 thru_hole oval (at 1.27 1.27 90) (size 0.8 2) (drill 0.7) (layers *.Cu *.Mask)
      (net 45 Vpower))
    (pad 1 thru_hole oval (at 0 0 90) (size 0.8 2) (drill 0.7) (layers *.Cu *.Mask)
      (net 37 /C4))
    (model ${KISYS3DMOD}/TO_SOT_Packages_THT.3dshapes/TO-46-3.wrl
      (at (xyz 0 0 0))
      (scale (xyz 0.393701 0.393701 0.393701))
      (rotate (xyz 0 0 0))
    )
  )

  (module TO_SOT_Packages_THT:TO-46-3 (layer F.Cu) (tedit 5D63940B) (tstamp 5D6384E6)
    (at 109.728 89.408 90)
    (descr TO-46-3)
    (tags TO-46-3)
    (path /5D641D84)
    (fp_text reference Q11 (at 1.27 -4.02 90) (layer F.SilkS)
      (effects (font (size 1 1) (thickness 0.15)))
    )
    (fp_text value 2SC1815 (at 1.27 4.02 90) (layer F.Fab)
      (effects (font (size 1 1) (thickness 0.15)))
    )
    (fp_arc (start 1.27 0) (end -0.312331 -2.572281) (angle 333.2) (layer F.SilkS) (width 0.12))
    (fp_arc (start 1.27 0) (end -0.329057 -2.419301) (angle 336.9) (layer F.Fab) (width 0.1))
    (fp_circle (center 1.27 0) (end 3.67 0) (layer F.Fab) (width 0.1))
    (fp_line (start 4.42 -3.5) (end -2.23 -3.5) (layer F.CrtYd) (width 0.05))
    (fp_line (start 4.42 3.15) (end 4.42 -3.5) (layer F.CrtYd) (width 0.05))
    (fp_line (start -2.23 3.15) (end 4.42 3.15) (layer F.CrtYd) (width 0.05))
    (fp_line (start -2.23 -3.5) (end -2.23 3.15) (layer F.CrtYd) (width 0.05))
    (fp_line (start -2.214448 -2.494499) (end -1.302281 -1.582331) (layer F.SilkS) (width 0.12))
    (fp_line (start -1.224499 -3.484448) (end -2.214448 -2.494499) (layer F.SilkS) (width 0.12))
    (fp_line (start -0.312331 -2.572281) (end -1.224499 -3.484448) (layer F.SilkS) (width 0.12))
    (fp_line (start -1.976616 -2.426372) (end -1.149301 -1.599057) (layer F.Fab) (width 0.1))
    (fp_line (start -1.156372 -3.246616) (end -1.976616 -2.426372) (layer F.Fab) (width 0.1))
    (fp_line (start -0.329057 -2.419301) (end -1.156372 -3.246616) (layer F.Fab) (width 0.1))
    (fp_text user %R (at 1.27 -4.02 90) (layer F.Fab)
      (effects (font (size 1 1) (thickness 0.15)))
    )
    (pad 3 thru_hole oval (at 2.54 0 90) (size 0.7 2.5) (drill 0.7) (layers *.Cu *.Mask)
      (net 56 "Net-(Q11-Pad3)"))
    (pad 2 thru_hole oval (at 1.27 1.27 90) (size 0.7 2.5) (drill 0.7) (layers *.Cu *.Mask)
      (net 45 Vpower))
    (pad 1 thru_hole oval (at 0 0 90) (size 0.7 2.5) (drill 0.7) (layers *.Cu *.Mask)
      (net 33 /G4))
    (model ${KISYS3DMOD}/TO_SOT_Packages_THT.3dshapes/TO-46-3.wrl
      (at (xyz 0 0 0))
      (scale (xyz 0.393701 0.393701 0.393701))
      (rotate (xyz 0 0 0))
    )
  )

  (module TO_SOT_Packages_THT:TO-46-3 (layer F.Cu) (tedit 5D6398C3) (tstamp 5D638453)
    (at 109.22 144.272 270)
    (descr TO-46-3)
    (tags TO-46-3)
    (path /5D70BBB0)
    (fp_text reference Q4 (at 1.27 -4.02 90) (layer F.SilkS)
      (effects (font (size 1 1) (thickness 0.15)))
    )
    (fp_text value 2SC1815 (at 1.27 4.02 90) (layer F.Fab)
      (effects (font (size 1 1) (thickness 0.15)))
    )
    (fp_text user %R (at 1.27 -4.02 90) (layer F.Fab)
      (effects (font (size 1 1) (thickness 0.15)))
    )
    (fp_line (start -0.329057 -2.419301) (end -1.156372 -3.246616) (layer F.Fab) (width 0.1))
    (fp_line (start -1.156372 -3.246616) (end -1.976616 -2.426372) (layer F.Fab) (width 0.1))
    (fp_line (start -1.976616 -2.426372) (end -1.149301 -1.599057) (layer F.Fab) (width 0.1))
    (fp_line (start -0.312331 -2.572281) (end -1.224499 -3.484448) (layer F.SilkS) (width 0.12))
    (fp_line (start -1.224499 -3.484448) (end -2.214448 -2.494499) (layer F.SilkS) (width 0.12))
    (fp_line (start -2.214448 -2.494499) (end -1.302281 -1.582331) (layer F.SilkS) (width 0.12))
    (fp_line (start -2.23 -3.5) (end -2.23 3.15) (layer F.CrtYd) (width 0.05))
    (fp_line (start -2.23 3.15) (end 4.42 3.15) (layer F.CrtYd) (width 0.05))
    (fp_line (start 4.42 3.15) (end 4.42 -3.5) (layer F.CrtYd) (width 0.05))
    (fp_line (start 4.42 -3.5) (end -2.23 -3.5) (layer F.CrtYd) (width 0.05))
    (fp_circle (center 1.27 0) (end 3.67 0) (layer F.Fab) (width 0.1))
    (fp_arc (start 1.27 0) (end -0.329057 -2.419301) (angle 336.9) (layer F.Fab) (width 0.1))
    (fp_arc (start 1.27 0) (end -0.312331 -2.572281) (angle 333.2) (layer F.SilkS) (width 0.12))
    (pad 1 thru_hole oval (at 0 0 270) (size 0.9 2) (drill 0.7) (layers *.Cu *.Mask)
      (net 5 /GND))
    (pad 2 thru_hole oval (at 1.27 1.27 270) (size 0.8 2) (drill 0.7) (layers *.Cu *.Mask)
      (net 42 L4))
    (pad 3 thru_hole oval (at 2.54 0 270) (size 0.8 2) (drill 0.7) (layers *.Cu *.Mask)
      (net 49 "Net-(Q4-Pad3)"))
    (model ${KISYS3DMOD}/TO_SOT_Packages_THT.3dshapes/TO-46-3.wrl
      (at (xyz 0 0 0))
      (scale (xyz 0.393701 0.393701 0.393701))
      (rotate (xyz 0 0 0))
    )
  )

  (module TO_SOT_Packages_THT:TO-46-3 (layer F.Cu) (tedit 5D6397D8) (tstamp 5D6384A7)
    (at 109.728 109.728 90)
    (descr TO-46-3)
    (tags TO-46-3)
    (path /5D63BBE1)
    (fp_text reference Q8 (at 1.27 -4.02 90) (layer F.SilkS)
      (effects (font (size 1 1) (thickness 0.15)))
    )
    (fp_text value 2SC1815 (at 1.27 4.02 90) (layer F.Fab)
      (effects (font (size 1 1) (thickness 0.15)))
    )
    (fp_text user %R (at 1.27 -4.02 90) (layer F.Fab)
      (effects (font (size 1 1) (thickness 0.15)))
    )
    (fp_line (start -0.329057 -2.419301) (end -1.156372 -3.246616) (layer F.Fab) (width 0.1))
    (fp_line (start -1.156372 -3.246616) (end -1.976616 -2.426372) (layer F.Fab) (width 0.1))
    (fp_line (start -1.976616 -2.426372) (end -1.149301 -1.599057) (layer F.Fab) (width 0.1))
    (fp_line (start -0.312331 -2.572281) (end -1.224499 -3.484448) (layer F.SilkS) (width 0.12))
    (fp_line (start -1.224499 -3.484448) (end -2.214448 -2.494499) (layer F.SilkS) (width 0.12))
    (fp_line (start -2.214448 -2.494499) (end -1.302281 -1.582331) (layer F.SilkS) (width 0.12))
    (fp_line (start -2.23 -3.5) (end -2.23 3.15) (layer F.CrtYd) (width 0.05))
    (fp_line (start -2.23 3.15) (end 4.42 3.15) (layer F.CrtYd) (width 0.05))
    (fp_line (start 4.42 3.15) (end 4.42 -3.5) (layer F.CrtYd) (width 0.05))
    (fp_line (start 4.42 -3.5) (end -2.23 -3.5) (layer F.CrtYd) (width 0.05))
    (fp_circle (center 1.27 0) (end 3.67 0) (layer F.Fab) (width 0.1))
    (fp_arc (start 1.27 0) (end -0.329057 -2.419301) (angle 336.9) (layer F.Fab) (width 0.1))
    (fp_arc (start 1.27 0) (end -0.312331 -2.572281) (angle 333.2) (layer F.SilkS) (width 0.12))
    (pad 1 thru_hole oval (at 0 0 90) (size 0.8 2) (drill 0.7) (layers *.Cu *.Mask)
      (net 36 /D4))
    (pad 2 thru_hole oval (at 1.27 1.27 90) (size 0.8 1.8) (drill 0.7) (layers *.Cu *.Mask)
      (net 45 Vpower))
    (pad 3 thru_hole oval (at 2.54 0 90) (size 0.8 2.5) (drill 0.7) (layers *.Cu *.Mask)
      (net 53 "Net-(Q8-Pad3)"))
    (model ${KISYS3DMOD}/TO_SOT_Packages_THT.3dshapes/TO-46-3.wrl
      (at (xyz 0 0 0))
      (scale (xyz 0.393701 0.393701 0.393701))
      (rotate (xyz 0 0 0))
    )
  )

  (module Resistors_THT:R_Axial_DIN0411_L9.9mm_D3.6mm_P12.70mm_Horizontal (layer F.Cu) (tedit 5874F706) (tstamp 5D63D04F)
    (at 119.888 104.648)
    (descr "Resistor, Axial_DIN0411 series, Axial, Horizontal, pin pitch=12.7mm, 1W = 1/1W, length*diameter=9.9*3.6mm^2")
    (tags "Resistor Axial_DIN0411 series Axial Horizontal pin pitch 12.7mm 1W = 1/1W length 9.9mm diameter 3.6mm")
    (path /5D658910)
    (fp_text reference R10 (at 6.35 -2.86) (layer F.SilkS)
      (effects (font (size 1 1) (thickness 0.15)))
    )
    (fp_text value R (at 6.35 2.86) (layer F.Fab)
      (effects (font (size 1 1) (thickness 0.15)))
    )
    (fp_line (start 14.15 -2.15) (end -1.45 -2.15) (layer F.CrtYd) (width 0.05))
    (fp_line (start 14.15 2.15) (end 14.15 -2.15) (layer F.CrtYd) (width 0.05))
    (fp_line (start -1.45 2.15) (end 14.15 2.15) (layer F.CrtYd) (width 0.05))
    (fp_line (start -1.45 -2.15) (end -1.45 2.15) (layer F.CrtYd) (width 0.05))
    (fp_line (start 11.36 1.86) (end 11.36 1.38) (layer F.SilkS) (width 0.12))
    (fp_line (start 1.34 1.86) (end 11.36 1.86) (layer F.SilkS) (width 0.12))
    (fp_line (start 1.34 1.38) (end 1.34 1.86) (layer F.SilkS) (width 0.12))
    (fp_line (start 11.36 -1.86) (end 11.36 -1.38) (layer F.SilkS) (width 0.12))
    (fp_line (start 1.34 -1.86) (end 11.36 -1.86) (layer F.SilkS) (width 0.12))
    (fp_line (start 1.34 -1.38) (end 1.34 -1.86) (layer F.SilkS) (width 0.12))
    (fp_line (start 12.7 0) (end 11.3 0) (layer F.Fab) (width 0.1))
    (fp_line (start 0 0) (end 1.4 0) (layer F.Fab) (width 0.1))
    (fp_line (start 11.3 -1.8) (end 1.4 -1.8) (layer F.Fab) (width 0.1))
    (fp_line (start 11.3 1.8) (end 11.3 -1.8) (layer F.Fab) (width 0.1))
    (fp_line (start 1.4 1.8) (end 11.3 1.8) (layer F.Fab) (width 0.1))
    (fp_line (start 1.4 -1.8) (end 1.4 1.8) (layer F.Fab) (width 0.1))
    (pad 2 thru_hole oval (at 12.7 0) (size 2.4 2.4) (drill 1.2) (layers *.Cu *.Mask)
      (net 10 /F))
    (pad 1 thru_hole circle (at 0 0) (size 2.4 2.4) (drill 1.2) (layers *.Cu *.Mask)
      (net 55 "Net-(Q10-Pad3)"))
    (model ${KISYS3DMOD}/Resistors_THT.3dshapes/R_Axial_DIN0411_L9.9mm_D3.6mm_P12.70mm_Horizontal.wrl
      (at (xyz 0 0 0))
      (scale (xyz 0.393701 0.393701 0.393701))
      (rotate (xyz 0 0 0))
    )
  )

  (module Modules:Arduino_UNO_R3_WithMountingHoles (layer F.Cu) (tedit 5D639C69) (tstamp 5D63817C)
    (at 188.976 122.428 270)
    (descr "Arduino UNO R3, http://www.mouser.com/pdfdocs/Gravitech_Arduino_Nano3_0.pdf")
    (tags "Arduino UNO R3")
    (path /5D62BCE9)
    (fp_text reference A1 (at 1.27 -3.81 270) (layer F.SilkS)
      (effects (font (size 1 1) (thickness 0.15)))
    )
    (fp_text value Arduino_UNO_R3 (at 0 22.86 90) (layer F.Fab)
      (effects (font (size 1 1) (thickness 0.15)))
    )
    (fp_line (start -27.94 -2.54) (end 38.1 -2.54) (layer F.Fab) (width 0.1))
    (fp_line (start -27.94 50.8) (end -27.94 -2.54) (layer F.Fab) (width 0.1))
    (fp_line (start 36.58 50.8) (end -27.94 50.8) (layer F.Fab) (width 0.1))
    (fp_line (start 38.1 49.28) (end 36.58 50.8) (layer F.Fab) (width 0.1))
    (fp_line (start 38.1 0) (end 40.64 2.54) (layer F.Fab) (width 0.1))
    (fp_line (start 38.1 -2.54) (end 38.1 0) (layer F.Fab) (width 0.1))
    (fp_line (start 40.64 35.31) (end 38.1 37.85) (layer F.Fab) (width 0.1))
    (fp_line (start 40.64 2.54) (end 40.64 35.31) (layer F.Fab) (width 0.1))
    (fp_line (start 38.1 37.85) (end 38.1 49.28) (layer F.Fab) (width 0.1))
    (fp_line (start -29.84 9.53) (end -29.84 0.64) (layer F.Fab) (width 0.1))
    (fp_line (start -16.51 9.53) (end -29.84 9.53) (layer F.Fab) (width 0.1))
    (fp_line (start -16.51 0.64) (end -16.51 9.53) (layer F.Fab) (width 0.1))
    (fp_line (start -29.84 0.64) (end -16.51 0.64) (layer F.Fab) (width 0.1))
    (fp_line (start -34.29 41.27) (end -34.29 29.84) (layer F.Fab) (width 0.1))
    (fp_line (start -18.41 41.27) (end -34.29 41.27) (layer F.Fab) (width 0.1))
    (fp_line (start -18.41 29.84) (end -18.41 41.27) (layer F.Fab) (width 0.1))
    (fp_line (start -34.29 29.84) (end -18.41 29.84) (layer F.Fab) (width 0.1))
    (fp_line (start 38.23 37.85) (end 40.77 35.31) (layer F.SilkS) (width 0.12))
    (fp_line (start 38.23 49.28) (end 38.23 37.85) (layer F.SilkS) (width 0.12))
    (fp_line (start 36.58 50.93) (end 38.23 49.28) (layer F.SilkS) (width 0.12))
    (fp_line (start -28.07 50.93) (end 36.58 50.93) (layer F.SilkS) (width 0.12))
    (fp_line (start -28.07 41.4) (end -28.07 50.93) (layer F.SilkS) (width 0.12))
    (fp_line (start -34.42 41.4) (end -28.07 41.4) (layer F.SilkS) (width 0.12))
    (fp_line (start -34.42 29.72) (end -34.42 41.4) (layer F.SilkS) (width 0.12))
    (fp_line (start -28.07 29.72) (end -34.42 29.72) (layer F.SilkS) (width 0.12))
    (fp_line (start -28.07 9.65) (end -28.07 29.72) (layer F.SilkS) (width 0.12))
    (fp_line (start -29.97 9.65) (end -28.07 9.65) (layer F.SilkS) (width 0.12))
    (fp_line (start -29.97 0.51) (end -29.97 9.65) (layer F.SilkS) (width 0.12))
    (fp_line (start -28.07 0.51) (end -29.97 0.51) (layer F.SilkS) (width 0.12))
    (fp_line (start -28.07 -2.67) (end -28.07 0.51) (layer F.SilkS) (width 0.12))
    (fp_line (start 38.23 -2.67) (end -28.07 -2.67) (layer F.SilkS) (width 0.12))
    (fp_line (start 38.23 0) (end 38.23 -2.67) (layer F.SilkS) (width 0.12))
    (fp_line (start 40.77 2.54) (end 38.23 0) (layer F.SilkS) (width 0.12))
    (fp_line (start 40.77 35.31) (end 40.77 2.54) (layer F.SilkS) (width 0.12))
    (fp_line (start -28.19 -2.79) (end 38.35 -2.79) (layer F.CrtYd) (width 0.05))
    (fp_line (start -28.19 0.38) (end -28.19 -2.79) (layer F.CrtYd) (width 0.05))
    (fp_line (start -30.1 0.38) (end -28.19 0.38) (layer F.CrtYd) (width 0.05))
    (fp_line (start -30.1 9.78) (end -30.1 0.38) (layer F.CrtYd) (width 0.05))
    (fp_line (start -28.19 9.78) (end -30.1 9.78) (layer F.CrtYd) (width 0.05))
    (fp_line (start -28.19 29.59) (end -28.19 9.78) (layer F.CrtYd) (width 0.05))
    (fp_line (start -34.54 29.59) (end -28.19 29.59) (layer F.CrtYd) (width 0.05))
    (fp_line (start -34.54 41.53) (end -34.54 29.59) (layer F.CrtYd) (width 0.05))
    (fp_line (start -28.19 41.53) (end -34.54 41.53) (layer F.CrtYd) (width 0.05))
    (fp_line (start -28.19 51.05) (end -28.19 41.53) (layer F.CrtYd) (width 0.05))
    (fp_line (start 36.58 51.05) (end -28.19 51.05) (layer F.CrtYd) (width 0.05))
    (fp_line (start 38.35 49.28) (end 36.58 51.05) (layer F.CrtYd) (width 0.05))
    (fp_line (start 38.35 37.85) (end 38.35 49.28) (layer F.CrtYd) (width 0.05))
    (fp_line (start 40.89 35.31) (end 38.35 37.85) (layer F.CrtYd) (width 0.05))
    (fp_line (start 40.89 2.54) (end 40.89 35.31) (layer F.CrtYd) (width 0.05))
    (fp_line (start 38.35 0) (end 40.89 2.54) (layer F.CrtYd) (width 0.05))
    (fp_line (start 38.35 -2.79) (end 38.35 0) (layer F.CrtYd) (width 0.05))
    (fp_text user %R (at 0 20.32 270) (layer F.Fab)
      (effects (font (size 1 1) (thickness 0.15)))
    )
    (pad "" np_thru_hole circle (at 38.1 5.08) (size 1.78 1.78) (drill 1.78) (layers *.Cu *.Mask))
    (pad "" np_thru_hole circle (at 38.1 33.02) (size 1.78 1.78) (drill 1.78) (layers *.Cu *.Mask))
    (pad "" np_thru_hole circle (at -12.7 48.26) (size 1.78 1.78) (drill 1.78) (layers *.Cu *.Mask))
    (pad "" np_thru_hole circle (at -13.97 0) (size 1.78 1.78) (drill 1.78) (layers *.Cu *.Mask))
    (pad 16 thru_hole oval (at 33.02 48.26) (size 1.6 1.6) (drill 0.8) (layers *.Cu *.Mask)
      (net 1 "Net-(A1-Pad16)"))
    (pad 15 thru_hole oval (at 35.56 48.26) (size 1.6 1.6) (drill 0.8) (layers *.Cu *.Mask)
      (net 2 "Net-(A1-Pad15)"))
    (pad 30 thru_hole oval (at -4.06 48.26) (size 1.6 1.6) (drill 0.8) (layers *.Cu *.Mask)
      (net 3 "Net-(A1-Pad30)"))
    (pad 14 thru_hole rect (at 35.56 0) (size 2.5 1.2) (drill 0.8) (layers *.Cu *.Mask)
      (net 4 /SCL))
    (pad 29 thru_hole rect (at -1.52 48.26) (size 2.5 1.2) (drill 0.8) (layers *.Cu *.Mask)
      (net 5 /GND))
    (pad 13 thru_hole rect (at 33.02 0) (size 2.5 1.2) (drill 0.8) (layers *.Cu *.Mask)
      (net 6 /SDA))
    (pad 28 thru_hole rect (at 1.02 48.26) (size 2.5 1.2) (drill 0.8) (layers *.Cu *.Mask)
      (net 7 /DOT))
    (pad 12 thru_hole rect (at 30.48 0) (size 2.5 1.2) (drill 0.8) (layers *.Cu *.Mask)
      (net 8 /G))
    (pad 27 thru_hole rect (at 3.56 48.26) (size 2.5 1.2) (drill 0.8) (layers *.Cu *.Mask)
      (net 9 /TX))
    (pad 11 thru_hole rect (at 27.94 0) (size 2.5 1.2) (drill 0.8) (layers *.Cu *.Mask)
      (net 10 /F))
    (pad 26 thru_hole trapezoid (at 6.1 48.26) (size 2.5 1.2) (drill 0.8) (layers *.Cu *.Mask)
      (net 11 /RX))
    (pad 10 thru_hole rect (at 25.4 0) (size 2.5 1.2) (drill 0.8) (layers *.Cu *.Mask)
      (net 12 /TEMP))
    (pad 25 thru_hole rect (at 8.64 48.26) (size 2.5 1.2) (drill 0.8) (layers *.Cu *.Mask)
      (net 13 /E))
    (pad 9 thru_hole rect (at 22.86 0) (size 2.5 1.2) (drill 0.8) (layers *.Cu *.Mask)
      (net 14 /TONE))
    (pad 24 thru_hole rect (at 11.18 48.26) (size 2.5 1.2) (drill 0.8) (layers *.Cu *.Mask)
      (net 15 /D))
    (pad 8 thru_hole rect (at 17.78 0) (size 2.5 1.2) (drill 0.8) (layers *.Cu *.Mask)
      (net 16 "Net-(A1-Pad8)"))
    (pad 23 thru_hole rect (at 13.72 48.26) (size 2.5 1.2) (drill 0.8) (layers *.Cu *.Mask)
      (net 17 /C))
    (pad 7 thru_hole oval (at 15.24 0) (size 1.6 1.6) (drill 0.8) (layers *.Cu *.Mask)
      (net 18 "Net-(A1-Pad7)"))
    (pad 22 thru_hole rect (at 17.78 48.26) (size 2.5 1.2) (drill 0.8) (layers *.Cu *.Mask)
      (net 19 /B))
    (pad 6 thru_hole rect (at 12.7 0) (size 2.5 1.2) (drill 0.8) (layers *.Cu *.Mask)
      (net 5 /GND))
    (pad 21 thru_hole rect (at 20.32 48.26) (size 2.5 1.2) (drill 0.8) (layers *.Cu *.Mask)
      (net 20 /A))
    (pad 5 thru_hole rect (at 10.16 0) (size 2.5 1.2) (drill 0.8) (layers *.Cu *.Mask)
      (net 21 /V5))
    (pad 20 thru_hole rect (at 22.86 48.26) (size 2.5 1.2) (drill 0.8) (layers *.Cu *.Mask)
      (net 22 /T4))
    (pad 4 thru_hole oval (at 7.62 0) (size 1.6 1.6) (drill 0.8) (layers *.Cu *.Mask)
      (net 23 /V3P3))
    (pad 19 thru_hole rect (at 25.4 48.26) (size 2.5 1.2) (drill 0.8) (layers *.Cu *.Mask)
      (net 24 /T3))
    (pad 3 thru_hole oval (at 5.08 0) (size 1.6 1.6) (drill 0.8) (layers *.Cu *.Mask)
      (net 25 "Net-(A1-Pad3)"))
    (pad 18 thru_hole rect (at 27.94 48.26) (size 2.5 1.2) (drill 0.8) (layers *.Cu *.Mask)
      (net 26 /T2))
    (pad 2 thru_hole oval (at 2.54 0) (size 1.6 1.6) (drill 0.8) (layers *.Cu *.Mask)
      (net 27 "Net-(A1-Pad2)"))
    (pad 17 thru_hole rect (at 30.48 48.26) (size 2.5 1.2) (drill 0.8) (layers *.Cu *.Mask)
      (net 28 /T1))
    (pad 1 thru_hole rect (at 0 0) (size 1.6 1.6) (drill 0.8) (layers *.Cu *.Mask)
      (net 29 "Net-(A1-Pad1)"))
    (pad 31 thru_hole oval (at -6.6 48.26) (size 1.6 1.6) (drill 0.8) (layers *.Cu *.Mask)
      (net 30 "Net-(A1-Pad31)"))
    (pad 32 thru_hole oval (at -9.14 48.26) (size 1.6 1.6) (drill 0.8) (layers *.Cu *.Mask)
      (net 31 "Net-(A1-Pad32)"))
  )

  (module Connectors_JST:JST_EH_S08B-EH_08x2.50mm_Angled (layer F.Cu) (tedit 58A3B0B9) (tstamp 5D6381D6)
    (at 98.552 107.696 90)
    (descr "JST EH series connector, S08B-EH, 2.50mm pitch, side entry")
    (tags "connector jst eh side horizontal angled")
    (path /5D660FA4)
    (fp_text reference Digit1 (at 8.75 3 90) (layer F.SilkS)
      (effects (font (size 1 1) (thickness 0.15)))
    )
    (fp_text value Conn_01x08_Female (at 8.75 -8 90) (layer F.Fab)
      (effects (font (size 1 1) (thickness 0.15)))
    )
    (fp_line (start 20.65 -7.35) (end -3.15 -7.35) (layer F.CrtYd) (width 0.05))
    (fp_line (start 20.65 2.15) (end 20.65 -7.35) (layer F.CrtYd) (width 0.05))
    (fp_line (start -3.15 2.15) (end 20.65 2.15) (layer F.CrtYd) (width 0.05))
    (fp_line (start -3.15 -7.35) (end -3.15 2.15) (layer F.CrtYd) (width 0.05))
    (fp_line (start 0.3 2.1) (end 0 1.5) (layer F.Fab) (width 0.1))
    (fp_line (start -0.3 2.1) (end 0.3 2.1) (layer F.Fab) (width 0.1))
    (fp_line (start 0 1.5) (end -0.3 2.1) (layer F.Fab) (width 0.1))
    (fp_line (start 0.3 2.1) (end 0 1.5) (layer F.SilkS) (width 0.12))
    (fp_line (start -0.3 2.1) (end 0.3 2.1) (layer F.SilkS) (width 0.12))
    (fp_line (start 0 1.5) (end -0.3 2.1) (layer F.SilkS) (width 0.12))
    (fp_line (start 17.82 -2.5) (end 17.5 -2.5) (layer F.SilkS) (width 0.12))
    (fp_line (start 17.82 -5.92) (end 17.82 -2.5) (layer F.SilkS) (width 0.12))
    (fp_line (start 17.5 -6) (end 17.82 -5.92) (layer F.SilkS) (width 0.12))
    (fp_line (start 17.18 -5.92) (end 17.5 -6) (layer F.SilkS) (width 0.12))
    (fp_line (start 17.18 -2.5) (end 17.18 -5.92) (layer F.SilkS) (width 0.12))
    (fp_line (start 17.5 -2.5) (end 17.18 -2.5) (layer F.SilkS) (width 0.12))
    (fp_line (start 15.32 -2.5) (end 15 -2.5) (layer F.SilkS) (width 0.12))
    (fp_line (start 15.32 -5.92) (end 15.32 -2.5) (layer F.SilkS) (width 0.12))
    (fp_line (start 15 -6) (end 15.32 -5.92) (layer F.SilkS) (width 0.12))
    (fp_line (start 14.68 -5.92) (end 15 -6) (layer F.SilkS) (width 0.12))
    (fp_line (start 14.68 -2.5) (end 14.68 -5.92) (layer F.SilkS) (width 0.12))
    (fp_line (start 15 -2.5) (end 14.68 -2.5) (layer F.SilkS) (width 0.12))
    (fp_line (start 12.82 -2.5) (end 12.5 -2.5) (layer F.SilkS) (width 0.12))
    (fp_line (start 12.82 -5.92) (end 12.82 -2.5) (layer F.SilkS) (width 0.12))
    (fp_line (start 12.5 -6) (end 12.82 -5.92) (layer F.SilkS) (width 0.12))
    (fp_line (start 12.18 -5.92) (end 12.5 -6) (layer F.SilkS) (width 0.12))
    (fp_line (start 12.18 -2.5) (end 12.18 -5.92) (layer F.SilkS) (width 0.12))
    (fp_line (start 12.5 -2.5) (end 12.18 -2.5) (layer F.SilkS) (width 0.12))
    (fp_line (start 10.32 -2.5) (end 10 -2.5) (layer F.SilkS) (width 0.12))
    (fp_line (start 10.32 -5.92) (end 10.32 -2.5) (layer F.SilkS) (width 0.12))
    (fp_line (start 10 -6) (end 10.32 -5.92) (layer F.SilkS) (width 0.12))
    (fp_line (start 9.68 -5.92) (end 10 -6) (layer F.SilkS) (width 0.12))
    (fp_line (start 9.68 -2.5) (end 9.68 -5.92) (layer F.SilkS) (width 0.12))
    (fp_line (start 10 -2.5) (end 9.68 -2.5) (layer F.SilkS) (width 0.12))
    (fp_line (start 7.82 -2.5) (end 7.5 -2.5) (layer F.SilkS) (width 0.12))
    (fp_line (start 7.82 -5.92) (end 7.82 -2.5) (layer F.SilkS) (width 0.12))
    (fp_line (start 7.5 -6) (end 7.82 -5.92) (layer F.SilkS) (width 0.12))
    (fp_line (start 7.18 -5.92) (end 7.5 -6) (layer F.SilkS) (width 0.12))
    (fp_line (start 7.18 -2.5) (end 7.18 -5.92) (layer F.SilkS) (width 0.12))
    (fp_line (start 7.5 -2.5) (end 7.18 -2.5) (layer F.SilkS) (width 0.12))
    (fp_line (start 5.32 -2.5) (end 5 -2.5) (layer F.SilkS) (width 0.12))
    (fp_line (start 5.32 -5.92) (end 5.32 -2.5) (layer F.SilkS) (width 0.12))
    (fp_line (start 5 -6) (end 5.32 -5.92) (layer F.SilkS) (width 0.12))
    (fp_line (start 4.68 -5.92) (end 5 -6) (layer F.SilkS) (width 0.12))
    (fp_line (start 4.68 -2.5) (end 4.68 -5.92) (layer F.SilkS) (width 0.12))
    (fp_line (start 5 -2.5) (end 4.68 -2.5) (layer F.SilkS) (width 0.12))
    (fp_line (start 2.82 -2.5) (end 2.5 -2.5) (layer F.SilkS) (width 0.12))
    (fp_line (start 2.82 -5.92) (end 2.82 -2.5) (layer F.SilkS) (width 0.12))
    (fp_line (start 2.5 -6) (end 2.82 -5.92) (layer F.SilkS) (width 0.12))
    (fp_line (start 2.18 -5.92) (end 2.5 -6) (layer F.SilkS) (width 0.12))
    (fp_line (start 2.18 -2.5) (end 2.18 -5.92) (layer F.SilkS) (width 0.12))
    (fp_line (start 2.5 -2.5) (end 2.18 -2.5) (layer F.SilkS) (width 0.12))
    (fp_line (start 0.32 -2.5) (end 0 -2.5) (layer F.SilkS) (width 0.12))
    (fp_line (start 0.32 -5.92) (end 0.32 -2.5) (layer F.SilkS) (width 0.12))
    (fp_line (start 0 -6) (end 0.32 -5.92) (layer F.SilkS) (width 0.12))
    (fp_line (start -0.32 -5.92) (end 0 -6) (layer F.SilkS) (width 0.12))
    (fp_line (start -0.32 -2.5) (end -0.32 -5.92) (layer F.SilkS) (width 0.12))
    (fp_line (start 0 -2.5) (end -0.32 -2.5) (layer F.SilkS) (width 0.12))
    (fp_line (start -1.15 -1.5) (end 18.65 -1.5) (layer F.SilkS) (width 0.12))
    (fp_line (start -1.15 -2.5) (end 18.65 -2.5) (layer F.SilkS) (width 0.12))
    (fp_line (start 18.65 -0.55) (end 20.15 -0.55) (layer F.SilkS) (width 0.12))
    (fp_line (start 18.65 -5.35) (end 18.65 -0.55) (layer F.SilkS) (width 0.12))
    (fp_line (start 20.15 -5.35) (end 18.65 -5.35) (layer F.SilkS) (width 0.12))
    (fp_line (start -1.15 -0.55) (end -2.65 -0.55) (layer F.SilkS) (width 0.12))
    (fp_line (start -1.15 -5.35) (end -1.15 -0.55) (layer F.SilkS) (width 0.12))
    (fp_line (start -2.65 -5.35) (end -1.15 -5.35) (layer F.SilkS) (width 0.12))
    (fp_line (start 18.65 1.65) (end 18.65 -0.55) (layer F.SilkS) (width 0.12))
    (fp_line (start 20.15 1.65) (end 18.65 1.65) (layer F.SilkS) (width 0.12))
    (fp_line (start 20.15 -6.85) (end 20.15 1.65) (layer F.SilkS) (width 0.12))
    (fp_line (start -2.65 -6.85) (end 20.15 -6.85) (layer F.SilkS) (width 0.12))
    (fp_line (start -2.65 1.65) (end -2.65 -6.85) (layer F.SilkS) (width 0.12))
    (fp_line (start -1.15 1.65) (end -2.65 1.65) (layer F.SilkS) (width 0.12))
    (fp_line (start -1.15 -0.55) (end -1.15 1.65) (layer F.SilkS) (width 0.12))
    (fp_line (start 20 -6.7) (end -2.5 -6.7) (layer F.Fab) (width 0.1))
    (fp_line (start 20 1.5) (end 20 -6.7) (layer F.Fab) (width 0.1))
    (fp_line (start -2.5 1.5) (end 20 1.5) (layer F.Fab) (width 0.1))
    (fp_line (start -2.5 -6.7) (end -2.5 1.5) (layer F.Fab) (width 0.1))
    (fp_text user %R (at 8.75 -2 90) (layer F.Fab)
      (effects (font (size 1 1) (thickness 0.15)))
    )
    (pad 8 thru_hole circle (at 17.5 0 90) (size 1.85 1.85) (drill 0.9) (layers *.Cu *.Mask)
      (net 32 L1))
    (pad 7 thru_hole circle (at 15 0 90) (size 1.85 1.85) (drill 0.9) (layers *.Cu *.Mask)
      (net 33 /G4))
    (pad 6 thru_hole circle (at 12.5 0 90) (size 1.85 1.85) (drill 0.9) (layers *.Cu *.Mask)
      (net 34 /F4))
    (pad 5 thru_hole circle (at 10 0 90) (size 1.85 1.85) (drill 0.9) (layers *.Cu *.Mask)
      (net 35 /E4))
    (pad 4 thru_hole circle (at 7.5 0 90) (size 1.85 1.85) (drill 0.9) (layers *.Cu *.Mask)
      (net 36 /D4))
    (pad 3 thru_hole circle (at 5 0 90) (size 1.85 1.85) (drill 0.9) (layers *.Cu *.Mask)
      (net 37 /C4))
    (pad 2 thru_hole circle (at 2.5 0 90) (size 1.85 1.85) (drill 0.9) (layers *.Cu *.Mask)
      (net 38 /B4))
    (pad 1 thru_hole rect (at 0 0 90) (size 1.85 1.85) (drill 0.9) (layers *.Cu *.Mask)
      (net 39 /A4))
    (model Connectors_JST.3dshapes/JST_EH_S08B-EH_08x2.50mm_Angled.wrl
      (at (xyz 0 0 0))
      (scale (xyz 1 1 1))
      (rotate (xyz 0 0 0))
    )
  )

  (module Connectors_JST:JST_EH_S08B-EH_08x2.50mm_Angled (layer F.Cu) (tedit 58A3B0B9) (tstamp 5D6382E4)
    (at 67.564 107.696 90)
    (descr "JST EH series connector, S08B-EH, 2.50mm pitch, side entry")
    (tags "connector jst eh side horizontal angled")
    (path /5D668E52)
    (fp_text reference Digit4 (at 8.75 3 90) (layer F.SilkS)
      (effects (font (size 1 1) (thickness 0.15)))
    )
    (fp_text value Conn_01x08_Female (at 8.75 -8 90) (layer F.Fab)
      (effects (font (size 1 1) (thickness 0.15)))
    )
    (fp_text user %R (at 8.75 -2 90) (layer F.Fab)
      (effects (font (size 1 1) (thickness 0.15)))
    )
    (fp_line (start -2.5 -6.7) (end -2.5 1.5) (layer F.Fab) (width 0.1))
    (fp_line (start -2.5 1.5) (end 20 1.5) (layer F.Fab) (width 0.1))
    (fp_line (start 20 1.5) (end 20 -6.7) (layer F.Fab) (width 0.1))
    (fp_line (start 20 -6.7) (end -2.5 -6.7) (layer F.Fab) (width 0.1))
    (fp_line (start -1.15 -0.55) (end -1.15 1.65) (layer F.SilkS) (width 0.12))
    (fp_line (start -1.15 1.65) (end -2.65 1.65) (layer F.SilkS) (width 0.12))
    (fp_line (start -2.65 1.65) (end -2.65 -6.85) (layer F.SilkS) (width 0.12))
    (fp_line (start -2.65 -6.85) (end 20.15 -6.85) (layer F.SilkS) (width 0.12))
    (fp_line (start 20.15 -6.85) (end 20.15 1.65) (layer F.SilkS) (width 0.12))
    (fp_line (start 20.15 1.65) (end 18.65 1.65) (layer F.SilkS) (width 0.12))
    (fp_line (start 18.65 1.65) (end 18.65 -0.55) (layer F.SilkS) (width 0.12))
    (fp_line (start -2.65 -5.35) (end -1.15 -5.35) (layer F.SilkS) (width 0.12))
    (fp_line (start -1.15 -5.35) (end -1.15 -0.55) (layer F.SilkS) (width 0.12))
    (fp_line (start -1.15 -0.55) (end -2.65 -0.55) (layer F.SilkS) (width 0.12))
    (fp_line (start 20.15 -5.35) (end 18.65 -5.35) (layer F.SilkS) (width 0.12))
    (fp_line (start 18.65 -5.35) (end 18.65 -0.55) (layer F.SilkS) (width 0.12))
    (fp_line (start 18.65 -0.55) (end 20.15 -0.55) (layer F.SilkS) (width 0.12))
    (fp_line (start -1.15 -2.5) (end 18.65 -2.5) (layer F.SilkS) (width 0.12))
    (fp_line (start -1.15 -1.5) (end 18.65 -1.5) (layer F.SilkS) (width 0.12))
    (fp_line (start 0 -2.5) (end -0.32 -2.5) (layer F.SilkS) (width 0.12))
    (fp_line (start -0.32 -2.5) (end -0.32 -5.92) (layer F.SilkS) (width 0.12))
    (fp_line (start -0.32 -5.92) (end 0 -6) (layer F.SilkS) (width 0.12))
    (fp_line (start 0 -6) (end 0.32 -5.92) (layer F.SilkS) (width 0.12))
    (fp_line (start 0.32 -5.92) (end 0.32 -2.5) (layer F.SilkS) (width 0.12))
    (fp_line (start 0.32 -2.5) (end 0 -2.5) (layer F.SilkS) (width 0.12))
    (fp_line (start 2.5 -2.5) (end 2.18 -2.5) (layer F.SilkS) (width 0.12))
    (fp_line (start 2.18 -2.5) (end 2.18 -5.92) (layer F.SilkS) (width 0.12))
    (fp_line (start 2.18 -5.92) (end 2.5 -6) (layer F.SilkS) (width 0.12))
    (fp_line (start 2.5 -6) (end 2.82 -5.92) (layer F.SilkS) (width 0.12))
    (fp_line (start 2.82 -5.92) (end 2.82 -2.5) (layer F.SilkS) (width 0.12))
    (fp_line (start 2.82 -2.5) (end 2.5 -2.5) (layer F.SilkS) (width 0.12))
    (fp_line (start 5 -2.5) (end 4.68 -2.5) (layer F.SilkS) (width 0.12))
    (fp_line (start 4.68 -2.5) (end 4.68 -5.92) (layer F.SilkS) (width 0.12))
    (fp_line (start 4.68 -5.92) (end 5 -6) (layer F.SilkS) (width 0.12))
    (fp_line (start 5 -6) (end 5.32 -5.92) (layer F.SilkS) (width 0.12))
    (fp_line (start 5.32 -5.92) (end 5.32 -2.5) (layer F.SilkS) (width 0.12))
    (fp_line (start 5.32 -2.5) (end 5 -2.5) (layer F.SilkS) (width 0.12))
    (fp_line (start 7.5 -2.5) (end 7.18 -2.5) (layer F.SilkS) (width 0.12))
    (fp_line (start 7.18 -2.5) (end 7.18 -5.92) (layer F.SilkS) (width 0.12))
    (fp_line (start 7.18 -5.92) (end 7.5 -6) (layer F.SilkS) (width 0.12))
    (fp_line (start 7.5 -6) (end 7.82 -5.92) (layer F.SilkS) (width 0.12))
    (fp_line (start 7.82 -5.92) (end 7.82 -2.5) (layer F.SilkS) (width 0.12))
    (fp_line (start 7.82 -2.5) (end 7.5 -2.5) (layer F.SilkS) (width 0.12))
    (fp_line (start 10 -2.5) (end 9.68 -2.5) (layer F.SilkS) (width 0.12))
    (fp_line (start 9.68 -2.5) (end 9.68 -5.92) (layer F.SilkS) (width 0.12))
    (fp_line (start 9.68 -5.92) (end 10 -6) (layer F.SilkS) (width 0.12))
    (fp_line (start 10 -6) (end 10.32 -5.92) (layer F.SilkS) (width 0.12))
    (fp_line (start 10.32 -5.92) (end 10.32 -2.5) (layer F.SilkS) (width 0.12))
    (fp_line (start 10.32 -2.5) (end 10 -2.5) (layer F.SilkS) (width 0.12))
    (fp_line (start 12.5 -2.5) (end 12.18 -2.5) (layer F.SilkS) (width 0.12))
    (fp_line (start 12.18 -2.5) (end 12.18 -5.92) (layer F.SilkS) (width 0.12))
    (fp_line (start 12.18 -5.92) (end 12.5 -6) (layer F.SilkS) (width 0.12))
    (fp_line (start 12.5 -6) (end 12.82 -5.92) (layer F.SilkS) (width 0.12))
    (fp_line (start 12.82 -5.92) (end 12.82 -2.5) (layer F.SilkS) (width 0.12))
    (fp_line (start 12.82 -2.5) (end 12.5 -2.5) (layer F.SilkS) (width 0.12))
    (fp_line (start 15 -2.5) (end 14.68 -2.5) (layer F.SilkS) (width 0.12))
    (fp_line (start 14.68 -2.5) (end 14.68 -5.92) (layer F.SilkS) (width 0.12))
    (fp_line (start 14.68 -5.92) (end 15 -6) (layer F.SilkS) (width 0.12))
    (fp_line (start 15 -6) (end 15.32 -5.92) (layer F.SilkS) (width 0.12))
    (fp_line (start 15.32 -5.92) (end 15.32 -2.5) (layer F.SilkS) (width 0.12))
    (fp_line (start 15.32 -2.5) (end 15 -2.5) (layer F.SilkS) (width 0.12))
    (fp_line (start 17.5 -2.5) (end 17.18 -2.5) (layer F.SilkS) (width 0.12))
    (fp_line (start 17.18 -2.5) (end 17.18 -5.92) (layer F.SilkS) (width 0.12))
    (fp_line (start 17.18 -5.92) (end 17.5 -6) (layer F.SilkS) (width 0.12))
    (fp_line (start 17.5 -6) (end 17.82 -5.92) (layer F.SilkS) (width 0.12))
    (fp_line (start 17.82 -5.92) (end 17.82 -2.5) (layer F.SilkS) (width 0.12))
    (fp_line (start 17.82 -2.5) (end 17.5 -2.5) (layer F.SilkS) (width 0.12))
